126
170
140
136
86
171.419
174
140
172
148
140
120
140
175
175
140
140
171
174
174
175
126
126
140
126.0
175
130
90
140
137
140
140
123
124
170.5
140
140
170
174
84
140
95.25
130
140
140
72
126
123
172
123
140
148
99
174
70
101
127.5
140
140
180
118
140
150
173
132
174
140
139
136
80
170
126
126
126
148
120
140
140
134
115
70
140.0
140
79
140
128
126
140
129.5
140
126
126
144
174
64
172.0
111
175
175
141
140
141
128
128
128.0
174
180
180
127
120
80
128.0
145
137.6
123
157
165
128
145
140
119
176
70
128
85
140.0
75
63
86.5
140
120
140.0
174
140
140
140
130
140
128
140
175
138
174
166
140
85
113.0
165
186
140
115.0
170
180
174
177.7
80
107
129
174
140
174
200
174
140
160
69
180
101
140
140
140
170
128
140
138
140
140
140
160
80.0
140
126
63.5
132
140
170
170
96
120
140
128
170
175
110
140
128.0
127.0
127.0
85
128
174
85
174
199
123
190
126
124
130
125
85.5
140
120
85
128
174
136
120
175
170
170
172
174
140
86
130
174
85
173
122
140
175
140
70
175
150
140
83
120
135.23
140
128.0
100
139
170
128
148
140
140
140
172
130
140
140.0
173
176
175
173
174
170
140
172
90
175
123.0
135
140
174
72
140
140
170
140
140
128
140
140.0
126
147
125.0
70
133
140
140
172
126
70
126
148
85
170
140
140
95
150
132
80
175
95.9
140
125
148
110
132
173
126
148
85
175
140
140
140
75
140
172
128
175
140
172.5
160
140
126
126
140
87
128.0
128
128.0
170
172
180
126
148
135
126
124.0
120
124
180
53
128
110
140
173
80
128
150
144
167
125
125
101
73
126
124
112
122
123
122
122
95
140
87.5
143.55
123
145
145
123
140
175
100
158
127
128
140
140
174
136.0
174
80
65
140
92
140.0
140
140
93
127.0
128
140
76
147
175
140
87.5
140
140
124
80
140
105
133
120
128.0
124
160
150
140
126
90
122
124
87
126
138
174
92
128
123
140
115
178
140
140.0
140
120
140
125
82
85
175
83.5
126.4
82
128
175
140
170
140
128
132
173
190.0
87
130
140
128
170
133.7
173
126
132
174
174
87
99
125
129
140
126
174
175
178
175
140
126
190
126
174
175
185
125
89
132
172
140.0
140
105
122.0
126
170
140
172
130
140
80
173
147
175
87.5
124
174
174
140
128
86
140
175
140
174
140
127
80
99
126
140
128
148
82
85
126
128
86
174
128
134
125
130
148
148
140
174
124
120
127
140
58
140
125
147
165
172
148.0
140
118
140
80
174
146
126
148
144
172
140
126
143.0
160
110
175
175
110.0
140
140
140
125
128
170
124
140
140
140
140
136
139.82
140
127
140
140
172
148
180.0
120
126
140
172
110
120
87
110
170
140
140
140
136
170
140
140
85
120.0
115
140
140
87
128
174
140
174
140
172
171
139.5
170
140
123
120
130
130
150
70
140
140
138
132.0
128.0
170
174
87
140
124
175
120
170
74
120
140
148
174
126
126
165
148
140
140
148
175
83
140
140
173
127.5
126
174
170
140
126
175
175
93
90
156
132.5
140.2
174
169.730
171.726
141.68
175
172
140
170
151
125
140
174
